9 0.3545673076923077 0.3870192307692308 0.45552884615384615 0.5540865384615384
9 0.9675480769230769 0.6153846153846154 0.0625 0.125
9 0.9278846153846154 0.6430288461538461 0.051682692307692304 0.1201923076923077
9 0.8509615384615384 0.6213942307692307 0.03125 0.11538461538461539
9 0.8834134615384616 0.6189903846153846 0.040865384615384616 0.09975961538461539
9 0.828125 0.6346153846153846 0.021634615384615384 0.07932692307692307
9 0.8112980769230769 0.6298076923076923 0.027644230769230768 0.09014423076923077
9 0.7103365384615384 0.625 0.01201923076923077 0.027644230769230768
9 0.7175480769230769 0.625 0.007211538461538462 0.028846153846153848
9 0.7223557692307693 0.6274038461538461 0.004807692307692308 0.030048076923076924
9 0.7271634615384616 0.6274038461538461 0.007211538461538462 0.036057692307692304
9 0.7319711538461539 0.6298076923076923 0.006009615384615385 0.03365384615384615
9 0.7415865384615384 0.6274038461538461 0.01201923076923077 0.040865384615384616
9 0.75 0.6274038461538461 0.010817307692307692 0.040865384615384616
9 0.7584134615384616 0.6262019230769231 0.010817307692307692 0.046875
9 0.7668269230769231 0.6274038461538461 0.010817307692307692 0.052884615384615384
9 0.7764423076923077 0.625 0.014423076923076924 0.05889423076923077
9 0.7824519230769231 0.6225961538461539 0.015625 0.06129807692307692
9 0.7944711538461539 0.625 0.019230769230769232 0.07932692307692307
9 0.625 0.6334134615384616 0.01201923076923077 0.07932692307692307
9 0.6346153846153846 0.6346153846153846 0.010817307692307692 0.078125
9 0.6394230769230769 0.6274038461538461 0.009615384615384616 0.06490384615384616
9 0.6454326923076923 0.6286057692307693 0.008413461538461538 0.06129807692307692
9 0.6526442307692307 0.6286057692307693 0.009615384615384616 0.0625
9 0.6586538461538461 0.6274038461538461 0.006009615384615385 0.051682692307692304
9 0.6622596153846154 0.6286057692307693 0.009615384615384616 0.040865384615384616
9 0.6682692307692307 0.6298076923076923 0.008413461538461538 0.037259615384615384
9 0.6754807692307693 0.625 0.013221153846153846 0.025240384615384616
9 0.6117788461538461 0.6298076923076923 0.014423076923076924 0.08173076923076923
9 0.5889423076923077 0.5997596153846154 0.030048076923076924 0.12980769230769232
9 0.6009615384615384 0.609375 0.013221153846153846 0.1141826923076923
9 0.5697115384615384 0.5913461538461539 0.030048076923076924 0.1466346153846154
9 0.5432692307692307 0.5805288461538461 0.036057692307692304 0.1502403846153846
9 0.4567307692307692 0.5552884615384616 0.15144230769230768 0.21033653846153846