9 0.9435096153846154 0.3004807692307692 0.11298076923076923 0.35096153846153844
9 0.6478365384615384 0.8125 0.20552884615384615 0.1814903846153846
9 0.7848557692307693 0.6370192307692307 0.140625 0.47475961538461536
9 0.890625 0.6189903846153846 0.11298076923076923 0.4963942307692308
9 0.9507211538461539 0.6262019230769231 0.0985576923076923 0.43028846153846156
9 0.39663461538461536 0.8653846153846154 0.03125 0.06370192307692307
9 0.43028846153846156 0.8569711538461539 0.03365384615384615 0.06370192307692307
9 0.35336538461538464 0.8629807692307693 0.05889423076923077 0.06129807692307692
9 0.29447115384615385 0.8701923076923077 0.04447115384615385 0.06610576923076923
9 0.15625 0.484375 0.3088942307692308 0.65625
9 0.2920673076923077 0.7283653846153846 0.12139423076923077 0.2608173076923077
9 0.19110576923076922 0.7716346153846154 0.042067307692307696 0.1971153846153846
9 0.22235576923076922 0.78125 0.027644230769230768 0.2127403846153846
9 0.14182692307692307 0.7548076923076923 0.06009615384615385 0.21514423076923078
9 0.48677884615384615 0.8221153846153846 0.057692307692307696 0.11298076923076923
9 0.5264423076923077 0.8269230769230769 0.042067307692307696 0.14423076923076922