9 0.056490384615384616 0.3004807692307692 0.11298076923076923 0.35096153846153844
9 0.35216346153846156 0.8125 0.20552884615384615 0.1814903846153846
9 0.21514423076923078 0.6370192307692307 0.140625 0.47475961538461536
9 0.109375 0.6189903846153846 0.11298076923076923 0.4963942307692308
9 0.04927884615384615 0.6262019230769231 0.0985576923076923 0.43028846153846156
9 0.6033653846153846 0.8653846153846154 0.03125 0.06370192307692307
9 0.5697115384615384 0.8569711538461539 0.03365384615384615 0.06370192307692307
9 0.6466346153846154 0.8629807692307693 0.05889423076923077 0.06129807692307692
9 0.7055288461538461 0.8701923076923077 0.04447115384615385 0.06610576923076923
9 0.84375 0.484375 0.3088942307692308 0.65625
9 0.7079326923076923 0.7283653846153846 0.12139423076923077 0.2608173076923077
9 0.8088942307692307 0.7716346153846154 0.042067307692307696 0.1971153846153846
9 0.7776442307692307 0.78125 0.027644230769230768 0.2127403846153846
9 0.8581730769230769 0.7548076923076923 0.06009615384615385 0.21514423076923078
9 0.5132211538461539 0.8221153846153846 0.057692307692307696 0.11298076923076923
9 0.4735576923076923 0.8269230769230769 0.042067307692307696 0.14423076923076922