9 0.9783653846153846 0.6911057692307693 0.042067307692307696 0.22596153846153846
9 0.9903846153846154 0.7740384615384616 0.019230769230769232 0.13221153846153846
9 0.9194711538461539 0.6766826923076923 0.09495192307692307 0.234375
9 0.8677884615384616 0.6923076923076923 0.07932692307692307 0.18629807692307693
9 0.13581730769230768 0.13822115384615385 0.2704326923076923 0.2764423076923077
9 0.08533653846153846 0.390625 0.17067307692307693 0.24639423076923078
9 0.24278846153846154 0.4387019230769231 0.18629807692307693 0.24278846153846154
9 0.30528846153846156 0.4951923076923077 0.08413461538461539 0.19591346153846154
9 0.35096153846153844 0.5204326923076923 0.09134615384615384 0.21033653846153846
9 0.5492788461538461 0.44471153846153844 0.3269230769230769 0.5084134615384616
9 0.42788461538461536 0.5600961538461539 0.10576923076923077 0.23076923076923078
9 0.49399038461538464 0.5709134615384616 0.08413461538461539 0.23557692307692307
9 0.7632211538461539 0.3894230769230769 0.4735576923076923 0.7259615384615384