9 0.8798076923076923 0.7704326923076923 0.03125 0.17307692307692307
9 0.9206730769230769 0.8004807692307693 0.07451923076923077 0.1045673076923077
9 0.8653846153846154 0.7199519230769231 0.2644230769230769 0.21394230769230768
9 0.4326923076923077 0.4495192307692308 0.265625 0.49278846153846156
9 0.41346153846153844 0.6105769230769231 0.08173076923076923 0.2127403846153846
9 0.33653846153846156 0.5769230769230769 0.1045673076923077 0.25841346153846156
9 0.2860576923076923 0.5444711538461539 0.055288461538461536 0.22235576923076922
9 0.22956730769230768 0.515625 0.0829326923076923 0.19230769230769232
9 0.1622596153846154 0.46153846153846156 0.18629807692307693 0.22235576923076922
9 0.2127403846153846 0.14423076923076922 0.4254807692307692 0.28846153846153844
9 0.04326923076923077 0.41225961538461536 0.08653846153846154 0.23197115384615385
9 0.7259615384615384 0.4014423076923077 0.515625 0.7463942307692307