9 0.02403846153846154 0.6670673076923077 0.04807692307692308 0.2644230769230769
9 0.10216346153846154 0.6766826923076923 0.04807692307692308 0.16105769230769232
9 0.07692307692307693 0.671875 0.026442307692307692 0.14783653846153846
9 0.052884615384615384 0.6742788461538461 0.02403846153846154 0.13701923076923078
9 0.14543269230769232 0.6754807692307693 0.052884615384615384 0.1658653846153846
9 0.18389423076923078 0.6754807692307693 0.04447115384615385 0.12379807692307693
9 0.2848557692307692 0.5048076923076923 0.16706730769230768 0.36658653846153844
9 0.3942307692307692 0.4639423076923077 0.06971153846153846 0.4375
9 0.46033653846153844 0.39783653846153844 0.06490384615384616 0.5204326923076923
9 0.9723557692307693 0.6502403846153846 0.054086538461538464 0.18870192307692307
9 0.6682692307692307 0.43028846153846156 0.3870192307692308 0.5913461538461539