4 0.5288461538461539 0.46274038461538464 0.06490384615384616 0.040865384615384616
4 0.5048076923076923 0.5372596153846154 0.13221153846153846 0.11899038461538461
4 0.47115384615384615 0.4651442307692308 0.07572115384615384 0.027644230769230768
4 0.39302884615384615 0.4579326923076923 0.09375 0.046875
4 0.2091346153846154 0.6129807692307693 0.4182692307692308 0.5709134615384616
4 0.30528846153846156 0.44350961538461536 0.09254807692307693 0.03485576923076923
4 0.21995192307692307 0.4254807692307692 0.08653846153846154 0.038461538461538464
4 0.13341346153846154 0.4098557692307692 0.09134615384615384 0.03485576923076923
4 0.6370192307692307 0.5420673076923077 0.12980769230769232 0.07932692307692307
4 0.6526442307692307 0.47475961538461536 0.06009615384615385 0.03125
4 0.4639423076923077 0.6754807692307693 0.08533653846153846 0.06129807692307692
4 0.8617788461538461 0.6394230769230769 0.27283653846153844 0.5024038461538461
4 0.6586538461538461 0.7403846153846154 0.3004807692307692 0.28846153846153844