9 0.5997596153846154 0.6694711538461539 0.03365384615384615 0.037259615384615384
9 0.6298076923076923 0.6742788461538461 0.021634615384615384 0.026442307692307692
9 0.6610576923076923 0.6742788461538461 0.02403846153846154 0.025240384615384616
9 0.7043269230769231 0.7463942307692307 0.07451923076923077 0.11778846153846154
9 0.6887019230769231 0.6814903846153846 0.010817307692307692 0.019230769230769232
9 0.49038461538461536 0.7752403846153846 0.0733173076923077 0.11658653846153846
9 0.45552884615384615 0.7752403846153846 0.042067307692307696 0.12259615384615384
9 0.46274038461538464 0.6983173076923077 0.030048076923076924 0.03125
9 0.8762019230769231 0.42788461538461536 0.24759615384615385 0.7644230769230769
9 0.9050480769230769 0.7355769230769231 0.0673076923076923 0.1045673076923077
9 0.8545673076923077 0.7439903846153846 0.03485576923076923 0.10697115384615384
9 0.8245192307692307 0.7379807692307693 0.036057692307692304 0.10336538461538461
9 0.8016826923076923 0.7379807692307693 0.036057692307692304 0.09975961538461539
9 0.7788461538461539 0.7391826923076923 0.039663461538461536 0.10576923076923077
9 0.7524038461538461 0.7391826923076923 0.040865384615384616 0.13341346153846154
9 0.6478365384615384 0.7752403846153846 0.02403846153846154 0.07572115384615384
9 0.6394230769230769 0.7307692307692307 0.030048076923076924 0.03245192307692308
9 0.6153846153846154 0.7704326923076923 0.04927884615384615 0.0733173076923077
9 0.5817307692307693 0.7860576923076923 0.04567307692307692 0.0673076923076923
9 0.5552884615384616 0.7391826923076923 0.036057692307692304 0.04447115384615385
9 0.5324519230769231 0.796875 0.055288461538461536 0.06610576923076923
9 0.42788461538461536 0.7740384615384616 0.039663461538461536 0.13221153846153846
9 0.24519230769230768 0.421875 0.49038461538461536 0.8425480769230769
9 0.3942307692307692 0.7728365384615384 0.046875 0.1346153846153846
9 0.30528846153846156 0.7680288461538461 0.036057692307692304 0.14182692307692307
9 0.3269230769230769 0.7668269230769231 0.036057692307692304 0.14182692307692307
9 0.34134615384615385 0.7668269230769231 0.02403846153846154 0.13942307692307693
9 0.36778846153846156 0.7740384615384616 0.028846153846153848 0.12860576923076922
9 0.26802884615384615 0.7620192307692307 0.052884615384615384 0.14543269230769232
9 0.08653846153846154 0.6899038461538461 0.015625 0.2608173076923077
9 0.0985576923076923 0.6911057692307693 0.025240384615384616 0.23798076923076922
9 0.11778846153846154 0.6862980769230769 0.026442307692307692 0.2403846153846154
9 0.12980769230769232 0.7019230769230769 0.018028846153846152 0.22115384615384615
9 0.140625 0.7103365384615384 0.009615384615384616 0.2127403846153846
9 0.15264423076923078 0.7295673076923077 0.02283653846153846 0.21394230769230768
9 0.1658653846153846 0.7307692307692307 0.02403846153846154 0.16826923076923078
9 0.19471153846153846 0.7367788461538461 0.026442307692307692 0.18629807692307693
9 0.21394230769230768 0.7439903846153846 0.018028846153846152 0.17427884615384615
9 0.014423076923076924 0.7884615384615384 0.026442307692307692 0.08173076923076923
9 0.03125 0.7944711538461539 0.018028846153846152 0.06009615384615385
9 0.051682692307692304 0.8040865384615384 0.026442307692307692 0.04567307692307692