9 0.7295673076923077 0.34375 0.5396634615384616 0.6875
9 0.5492788461538461 0.5661057692307693 0.02283653846153846 0.19110576923076922
9 0.59375 0.5793269230769231 0.08052884615384616 0.21754807692307693
9 0.5625 0.5721153846153846 0.021634615384615384 0.171875
9 0.5721153846153846 0.6382211538461539 0.016826923076923076 0.0625
9 0.515625 0.5673076923076923 0.013221153846153846 0.22716346153846154
9 0.5252403846153846 0.5649038461538461 0.013221153846153846 0.21754807692307693
9 0.5348557692307693 0.5625 0.021634615384615384 0.20673076923076922
9 0.4723557692307692 0.5528846153846154 0.07451923076923077 0.20552884615384615
9 0.484375 0.5540865384615384 0.027644230769230768 0.23798076923076922
9 0.5024038461538461 0.5588942307692307 0.021634615384615384 0.24158653846153846
9 0.4495192307692308 0.5625 0.03125 0.21634615384615385
9 0.4026442307692308 0.5637019230769231 0.09375 0.28725961538461536
9 0.41947115384615385 0.5625 0.037259615384615384 0.22716346153846154
9 0.234375 0.3605769230769231 0.46875 0.7211538461538461
9 0.3870192307692308 0.5625 0.030048076923076924 0.25
9 0.3245192307692308 0.5673076923076923 0.10697115384615384 0.24879807692307693
9 0.19110576923076922 0.5504807692307693 0.21875 0.3317307692307692
9 0.5985576923076923 0.6538461538461539 0.038461538461538464 0.055288461538461536
9 0.6225961538461539 0.5817307692307693 0.056490384615384616 0.21754807692307693
9 0.6574519230769231 0.5769230769230769 0.06370192307692307 0.23677884615384615
9 0.6875 0.5961538461538461 0.04567307692307692 0.19230769230769232
9 0.7644230769230769 0.6117788461538461 0.15745192307692307 0.19591346153846154
9 0.8978365384615384 0.6370192307692307 0.12259615384615384 0.10216346153846154