9 0.9675480769230769 0.6911057692307693 0.03485576923076923 0.07211538461538461
9 0.9278846153846154 0.6538461538461539 0.06129807692307692 0.12259615384615384
9 0.890625 0.6370192307692307 0.039663461538461536 0.15745192307692307
9 0.8425480769230769 0.6370192307692307 0.027644230769230768 0.15384615384615385
9 0.8629807692307693 0.6382211538461539 0.03485576923076923 0.1658653846153846
9 0.7415865384615384 0.5865384615384616 0.03125 0.25240384615384615
9 0.7620192307692307 0.6009615384615384 0.02283653846153846 0.23918269230769232
9 0.7824519230769231 0.609375 0.02403846153846154 0.21634615384615385
9 0.8004807692307693 0.6081730769230769 0.018028846153846152 0.1971153846153846
9 0.8137019230769231 0.6237980769230769 0.015625 0.203125
9 0.828125 0.6310096153846154 0.020432692307692308 0.19471153846153846
9 0.6754807692307693 0.5625 0.027644230769230768 0.2956730769230769
9 0.6923076923076923 0.5697115384615384 0.021634615384615384 0.28966346153846156
9 0.7127403846153846 0.5685096153846154 0.03245192307692308 0.2548076923076923
9 0.6514423076923077 0.5600961538461539 0.04567307692307692 0.2920673076923077
9 0.6225961538461539 0.546875 0.055288461538461536 0.3161057692307692
9 0.5877403846153846 0.5396634615384616 0.03245192307692308 0.35096153846153844
9 0.5432692307692307 0.5168269230769231 0.06971153846153846 0.3629807692307692
9 0.4951923076923077 0.5036057692307693 0.09495192307692307 0.3401442307692308
9 0.27163461538461536 0.47475961538461536 0.4014423076923077 0.40024038461538464